
5255269264057995
5255269264057995
5255269264057995
5255269264057995
5255269264057995
5255269264057995
5595286165094611
5595286165094611
5594730414576895
5594730414576895
5208728897855594
5208728897855594
5255269264057995
5255269264057995
5255269264057995
5255269264057995
5255269264057995
5255269264057995
5595286165094611
5595286165094611
5594730414576895
5594730414576895
5208728897855594
5208728897855594
5255269264057995
5255269264057995
5255269264057995
5255269264057995
5255269264057995
5255269264057995
5595286165094611
5595286165094611
5594730414576895
5594730414576895
5208728897855594
5208728897855594525526926405799552552692640579955255269264057995559528616509461155947304145768955208728897855594525526926405799552552692640579955255269264057995559528616509461155947304145768955208728897855594
5255269264057995
5255269264057995
5255269264057995
5595286165094611
5594730414576895
5208728897855594
5255269264057995
5255269264057995
5255269264057995
5595286165094611
5594730414576895
5208728897855594
5255269264057995
5255269264057995
5255269264057995
5595286165094611
5594730414576895
5208728897855594
5255269264057995
5255269264057995
5255269264057995
5595286165094611
5594730414576895
5208728897855594
5255269264057995
5255269264057995
5255269264057995
5595286165094611
5594730414576895
5208728897855594
5255269264057995
5255269264057995
5255269264057995
5595286165094611
5594730414576895
5208728897855594
5255269264057995
5255269264057995
5255269264057995
5595286165094611
5594730414576895
5208728897855594
5255269264057995
5255269264057995
5255269264057995
5595286165094611
5594730414576895
5208728897855594