47195621880571304796156737157297441533171899166441218047277192144719562188057130479615673715729744153317189916644121804727719214471956218805713047961567371572974415331718991664412180472771921447195621880571304796156737157297441533171899166441218047277192144719562188057130479615673715729744153317189916644121804727719214
4719562188057130
4796156737157297
4415331718991664
4121804727719214
4719562188057130
4796156737157297
4415331718991664
4121804727719214
4719562188057130
4796156737157297
4415331718991664
4121804727719214
4719562188057130
4796156737157297
4415331718991664
4121804727719214
4719562188057130
4796156737157297
4415331718991664
4121804727719214
4719562188057130
4796156737157297
4415331718991664
4121804727719214
4719562188057130
4796156737157297
4415331718991664
4121804727719214
4719562188057130
4796156737157297
4415331718991664
41218047277192144944646029104842
4719562188057130
4796156737157297
4415331718991664
4121804727719214